function [f_cost] = GACR22_PRES_model_2(vec)
        %GACR22_PRES_model_2([2500, 31000, 30, 15, 15, 800, 0.22]) - je reseni s f_cost = 0
        %vhodny rozsah parametru:
        %parametr 1 - c0 - [1500, 5000] - specific heat capacity solid/liquid
        %parametr 2 - c1 - [10000, 100000] - ceff peak hight
        %parametr 3 - Tpch - [10, 60] - peak phase change temperature
        %parametr 4 - sigma_1 - [0.5, 50] - solid ceff Gaussian curve sharpness
        %parametr 5 - sigma_2 - [0.5, 50] - liquid ceff Gaussian curve sharpness
        %parametr 6 - rho - [200, 2000] - density
        %parametr 7 - lambda - [0.1, 10] - thermal conductivity
        %nektere hustoty s tepelnou vodivosti (spolu s delta T modelu)
        %muzou porusit stabilitu modelu
        
%         fw = waitbar(0, 'Starting');
        T_PCM_initial = 20;
        lambda_PCM = vec(7);%0.2
        rho_PCM = vec(6);% 800
        Tpch_PCM_heat = vec(3);%35
        c0_PCM_heat = vec(1); %2000
        c1_PCM_heat = vec(2);% 20000
        sigma_PCM_heat_1 = vec(4);% 15 23
        sigma_PCM_heat_2 = vec(5);% 8 3
        %sigma_PCM_heat_2 = sigma_PCM_heat_1;
        Tpch_PCM_cool = Tpch_PCM_heat;
        c0_PCM_cool = c0_PCM_heat;
        c1_PCM_cool = c1_PCM_heat; %24632 a 20124
        sigma_PCM_cool_1 = sigma_PCM_heat_1; %50
        sigma_PCM_cool_2 = sigma_PCM_heat_2; %0.6071

        d_panel_thickness = 0.0039; %0.0041
        N_nodes_in_panel = 7;
        L_panel_length = 1.5;
        mdot = 0.078; %0.071086237 a taky 0.078, presim byl 0.04
        P_unit_perimeter = 2.12;
        M_panel_sections_along_flow_direction = 10;
        delka = L_panel_length/(M_panel_sections_along_flow_direction);
        %R_wall_resistance = 2;
        N_num_CSM_panels = 20;
        h_in_panel_wall_u = 6;
        h_in_panel_wall_l = 3.5;
        rho_vz = 1.178513127;
       
        cp_air = 1005;
        H_leading_edge = 0.45;
        DT = 60; % casovy krok "velke DT z TRNSYSu"

        %load GACR22_PRES_presim.mat
        t_presim = [25	25	25	25	25	37.2475855403868	37.4649177870157	37.6484700616800	37.8092731030520	37.9532189758091	38.0841634038152	38.2047872601970	38.3170345867636	38.4223625497692	38.5218934209866	38.6165115277775	38.7069275509229	38.7937225779518	38.8773791388311	38.9583036092668	39.0368427371472	39.1132960770365	39.1879255205415	39.2609627327126	39.3326150600325	39.4030703140140	39.4725007262505	39.5410662978797	39.6089177177578	39.6761989924399	39.7430499134552	39.8096084816266	39.8760134144918	39.9424068835635	40.0089376685704	40.0757649861756	40.1430633698821	40.2110291811564	40.2798896867279	40.3499162774012	40.4214446055808	40.4949067725248	40.5708854948558	40.6502101727711	40.7341344369373	40.8246573468439	40.9249238093141	41.0384357654522	41.1643429198995	41.2971059225161	41.4348306170911	41.5797918476420	41.7346343691706	41.8995115372502	42.0728087394444	42.2526743174159	42.4376993213480	42.6279580831168	42.8257112095648	43.0318927421702	43.2442687024687	43.4607365434919	43.6807440583849	43.9047509137596	44.1347871759117	44.3716641712249	44.6129936461920	44.8567830766182	45.1031413117975	45.3527406844390	45.6069626872553	45.8663892811893	46.1290005943060	46.3928399105964	46.6583765184758	46.9275490443876	47.2024888360934	47.4831859366542	47.7664460443921	48.0496190965409	48.3323452257624	48.6147023161076	48.8968222731693	49.1788334836617	49.4591890059304	49.7350611409124	50.0057384371265	50.2726423947584	50.5365190079062	50.7959064670161	51.0480228817434	51.2916813757059	51.5273443099106	51.7552087952279	51.9752938062347	52.1866051888814	52.3866602607164	52.5737874422370	52.7479058925627	52.9096707693730	53.0598992782863	53.1993979571104	53.3289261332208	53.4491915042068	53.5608522182156	53.6645200430126	53.7607635565550	53.8501111632909	53.9330539101240	54.0100481082928	54.0815177730191	54.1478568931906	54.2094315427567	54.2665818447748	54.3196237983009	54.3688509776279	54.4145361127182	54.4569325590725	54.4962756647074	54.5327840413890	54.5666607467748	54.5980943836600	54.6272601220959	54.6543206497503	54.6794270555084	54.7027196509695	54.7243287341698	54.7443752995648	54.7629716980233	54.7802222503273	54.7962238174284	54.8110663304851	54.8248332834985	54.8376021911649	54.8494450143833	54.8604285556870	54.8706148267089	54.8800613896449	54.8888216745411	54.8969452741053	54.9044782176234	54.9114632254504	54.9179399454455	54.9239451726214	54.9295130531929	54.9346752741246	54.9394612392008	54.9438982325698	54.9480115706475	54.9518247432033	37.6750905970732	36.4531233076513	35.2897372876459	34.1827035757263	33.1301501047819	32.1340097608809	31.2101215625103	30.3791450359428	29.6500141157331	29.0218151353596	28.4887884149769	28.0428075107986	27.6736416721439	27.3694636666372	27.1181170394650	26.9082276770122	26.7300151508060	26.5757494749457	26.4397069873887	26.3177758713747	26.2070047111016	26.1052429649767	26.0108904696695	25.9227302921347	25.8398176551332	25.7614052044114	25.6868917756934	25.6157865438877	25.5476834227861	25.4822424310859	25.4191758864491	25.3582380088856	25.2992169741878	25.2419287568532	25.1862122997029	25.1319256806891	25.0789430387205	25.0271520839327	24.9764520627682	24.9267520804257	24.8779697066035	24.8300298076167	24.7828635607080	24.7364076159240	24.6906033781594	24.6453963874885	24.6007357801436	24.5565738157735	24.5128654591586	24.4695680065304	24.4266407481692	24.3840446601297	24.3417421188204	24.2996966328034	24.2578725866015	24.2162349915267	24.1747492385742	24.1333808482640	24.0920952119215	24.0508573182463	24.0096314580588	23.9683808987551	23.9270675181266	23.8856513846296	23.8440902676950	23.8023390569043	23.7603490623502	23.7180671596071	23.6754347305714	23.6323863348576	23.5888480241439	23.5447351827301	23.4999497419263	23.4543765790198	23.4078788930477	23.3602924072079	23.3114185358672	23.2610175554814	23.2088051864280	23.1544613231400	23.0976688053985	23.0382059725185	22.9760888933118	22.9116661528818	22.8455138730542	22.7781579206868	22.7098604914129	22.6405948967136	22.5701359286058	22.4981814630478	22.4244755324241	22.3489041720919	22.2715195230021	22.1924952515367	22.1120632350972	22.0304502209926	21.9478323170809	21.8643297470371	21.7799992423052	21.6947912601846	21.6085315086693	21.5209903249310	21.4320209191555	21.3416779669813	21.2502165098267	21.1579558898104	21.0651217474206	20.9717913514377	20.8779381031356	20.7834764653097	20.6882631704290	20.5921132584037	20.4948872092902	20.3966099982742	20.2975105280488	20.1979116811394	20.0980505382737	19.9979841510778	19.8976290561260	19.7968518583756	19.6955220673229	19.5935277719064	19.4908120613542	19.3874380048327	19.2836116773701	19.1796008407601	19.0755927651547	18.9716036748330	18.8674889978940	18.7630149579567	18.6579387516663	18.5520845515072	18.4454276008988	18.3381575009674	18.2306465155556	18.1233073274288	18.0164392658449	17.9101725039245	17.8045184382308	17.6994623160850	17.5950359389904	17.4913406986235	17.3885372593293	17.2868350812045	17.1864773778736	17.0876987426619	16.9906626151016	16.8954157616895	16.8019022143632	16.7100414786966];
